9.09682e-05   0.00110822   0.00496670   0.00818870   0.00496670     0.00110822    9.09682e-05
  0.000123410   0.00150344   0.00673795    0.0111090   0.00673795   0.00150344  0.000123410
  0.000165755   0.00201931   0.00904991    0.0149208   0.00904991   0.00201931  0.000165755
  0.000220415   0.00268520    0.0120342    0.0198411    0.0120342   0.00268520  0.000220415
  0.000290183   0.00353515    0.0158434    0.0261214    0.0158434   0.00353515  0.000290183
  0.000378233   0.00460782    0.0206508    0.0340475    0.0206508   0.00460782  0.000378233
  0.000488095   0.00594622    0.0266491    0.0439369    0.0266491   0.00594622  0.000488095
  0.000623601   0.00759701    0.0340475    0.0561348    0.0340475   0.00759701  0.000623601
  0.000788798   0.00960953    0.0430669    0.0710054    0.0430669   0.00960953  0.000788798
  0.000987830    0.0120342    0.0539337    0.0889216    0.0539337    0.0120342  0.000987830
   0.00122477    0.0149208    0.0668703     0.110251    0.0668703    0.0149208   0.00122477
   0.00150344    0.0183156    0.0820850     0.135335    0.0820850    0.0183156   0.00150344
   0.00182715    0.0222592    0.0997588     0.164474    0.0997588    0.0222592   0.00182715
   0.00219846    0.0267827     0.120032     0.197899     0.120032    0.0267827   0.00219846
   0.00261890    0.0319048     0.142987     0.235746     0.142987    0.0319048   0.00261890
   0.00308872    0.0376283     0.168638     0.278037     0.168638    0.0376283   0.00308872
   0.00360656    0.0439369     0.196912     0.324652     0.196912    0.0439369   0.00360656
   0.00416933    0.0507928     0.227638     0.375311     0.227638    0.0507928   0.00416933
   0.00477195    0.0581343     0.260540     0.429557     0.260540    0.0581343   0.00477195
   0.00540733    0.0658748     0.295230     0.486752     0.295230    0.0658748   0.00540733
   0.00606634    0.0739031     0.331211     0.546074     0.331211    0.0739031   0.00606634
   0.00673795    0.0820850     0.367879     0.606531     0.367879    0.0820850   0.00673795
   0.00740944    0.0902655     0.404542     0.666977     0.404542    0.0902655   0.00740944
   0.00806679    0.0982736     0.440432     0.726149     0.440432    0.0982736   0.00806679
   0.00869506     0.105928     0.474734     0.782705     0.474734     0.105928   0.00869506
   0.00927902     0.113042     0.506617     0.835270     0.506617     0.113042   0.00927902
   0.00980365     0.119433     0.535261     0.882497     0.535261     0.119433   0.00980365
    0.0102549     0.124930     0.559898     0.923116     0.559898     0.124930    0.0102549
    0.0106202     0.129380     0.579842     0.955997     0.579842     0.129380    0.0106202
    0.0108890     0.132655     0.594521     0.980199     0.594521     0.132655    0.0108890
    0.0110536     0.134660     0.603506     0.995012     0.603506     0.134660    0.0110536
    0.0111090     0.135335     0.606531      1.00000     0.606531     0.135335    0.0111090
    0.0110536     0.134660     0.603506     0.995012     0.603506     0.134660    0.0110536
    0.0108890     0.132655     0.594521     0.980199     0.594521     0.132655    0.0108890
    0.0106202     0.129380     0.579842     0.955997     0.579842     0.129380    0.0106202
    0.0102549     0.124930     0.559898     0.923116     0.559898     0.124930    0.0102549
   0.00980365     0.119433     0.535261     0.882497     0.535261     0.119433   0.00980365
   0.00927902     0.113042     0.506617     0.835270     0.506617     0.113042   0.00927902
   0.00869506     0.105928     0.474734     0.782705     0.474734     0.105928   0.00869506
   0.00806679    0.0982736     0.440432     0.726149     0.440432    0.0982736   0.00806679
   0.00740944    0.0902655     0.404542     0.666977     0.404542    0.0902655   0.00740944
   0.00673795    0.0820850     0.367879     0.606531     0.367879    0.0820850   0.00673795
   0.00606634    0.0739031     0.331211     0.546074     0.331211    0.0739031   0.00606634
   0.00540733    0.0658748     0.295230     0.486752     0.295230    0.0658748   0.00540733
   0.00477195    0.0581343     0.260540     0.429557     0.260540    0.0581343   0.00477195
   0.00416933    0.0507928     0.227638     0.375311     0.227638    0.0507928   0.00416933
   0.00360656    0.0439369     0.196912     0.324652     0.196912    0.0439369   0.00360656
   0.00308872    0.0376283     0.168638     0.278037     0.168638    0.0376283   0.00308872
   0.00261890    0.0319048     0.142987     0.235746     0.142987    0.0319048   0.00261890
   0.00219846    0.0267827     0.120032     0.197899     0.120032    0.0267827   0.00219846
   0.00182715    0.0222592    0.0997588     0.164474    0.0997588    0.0222592   0.00182715
   0.00150344    0.0183156    0.0820850     0.135335    0.0820850    0.0183156   0.00150344
   0.00122477    0.0149208    0.0668703     0.110251    0.0668703    0.0149208   0.00122477
  0.000987830    0.0120342    0.0539337    0.0889216    0.0539337    0.0120342  0.000987830
  0.000788798   0.00960953    0.0430669    0.0710054    0.0430669   0.00960953  0.000788798
  0.000623601   0.00759701    0.0340475    0.0561348    0.0340475   0.00759701  0.000623601
  0.000488095   0.00594622    0.0266491    0.0439369    0.0266491   0.00594622  0.000488095
  0.000378233   0.00460782    0.0206508    0.0340475    0.0206508   0.00460782  0.000378233
  0.000290183   0.00353515    0.0158434    0.0261214    0.0158434   0.00353515  0.000290183
  0.000220415   0.00268520    0.0120342    0.0198411    0.0120342   0.00268520  0.000220415
  0.000165755   0.00201931   0.00904991    0.0149208   0.00904991   0.00201931  0.000165755
  0.000123410   0.00150344   0.00673795    0.0111090   0.00673795   0.00150344  0.000123410
  9.09682e-05   0.00110822   0.00496670   0.00818870   0.00496670   0.00110822  9.09682e-05
