1.000000000000000000e+04
1.000000000000000000e+04
1.000000000000000000e+04
1.000000000000000000e+04
1.000000000000000000e+04
1.000000000000000000e+04
1.000000000000000000e+04
1.000000000000000000e+04
1.000000000000000000e+04
1.000000000000000000e+04
1.000000000000000000e+04
1.000000000000000000e+04
1.000000000000000000e+04
1.000000000000000000e+04
1.000000000000000000e+04
1.000000000000000000e+04
1.000000000000000000e+04
1.000000000000000000e+04
1.000000000000000000e+04
1.000000000000000000e+04
1.000000000000000000e+04
1.000000000000000000e+04
1.000000000000000000e+04
1.000000000000000000e+04
1.000000000000000000e+04
2.000000000000000111e-01
2.000000000000000111e-01
2.000000000000000111e-01
2.000000000000000111e-01
2.000000000000000111e-01
2.000000000000000111e-01
2.000000000000000111e-01
2.000000000000000111e-01
2.000000000000000111e-01
2.000000000000000111e-01
2.000000000000000111e-01
2.000000000000000111e-01
2.000000000000000111e-01
2.000000000000000111e-01
2.000000000000000111e-01
2.000000000000000111e-01
2.000000000000000111e-01
2.000000000000000111e-01
2.000000000000000111e-01
2.000000000000000111e-01
2.000000000000000111e-01
2.000000000000000111e-01
2.000000000000000111e-01
2.000000000000000111e-01
2.000000000000000111e-01
