1.350828611716761316e+03
1.353496338853689394e+03
1.346895313350237302e+03
1.348686898343273242e+03
1.347707122403845460e+03
1.354505660396307121e+03
1.353652729408362575e+03
1.350678381363750532e+03
1.351384236630653959e+03
1.352468208752538430e+03
1.352319980916678560e+03
1.345875498563578958e+03
1.349942841837171045e+03
1.347268483670495925e+03
1.345220685736063842e+03
1.354893794233953031e+03
1.347123058836212067e+03
1.351118510487957792e+03
1.348408992726758242e+03
1.351249646606804163e+03
1.354690617680691958e+03
1.345717382971741699e+03
1.352379258952465761e+03
1.346779416289180745e+03
1.353348482382417842e+03
1.346214123406205999e+03
1.349638139690046273e+03
1.354488918064982727e+03
1.351759614216084401e+03
1.354570422346355372e+03
1.346622644024050487e+03
1.350616131984609638e+03
1.353533906713449369e+03
1.349478553714660620e+03
1.346908971113213966e+03
1.345203076220721869e+03
1.348828444608810969e+03
1.349512754925582612e+03
1.348079101927994543e+03
1.346682683277471142e+03
1.345743350525641063e+03
1.354491886786990108e+03
1.351149479708239596e+03
1.345953071541738609e+03
1.349763820050773347e+03
1.352933009349912027e+03
1.353275463848632171e+03
1.354742046352858097e+03
1.351630386952763729e+03
1.350835898233810894e+03
